ram:5.000000
dg:4.000000
ram:0.000000
ram:2.000000
ram:4.000000
eva:0.000000
df:0.000000
eva:20.000000
ram:0.000000
ram:0.000000
ram:2.500000
sdg:2.000000
sg:4.000000
ram:0.500000
dsg:0.000000
ram:0.500000
sdg:0.500000
ram:4.000000
dfh:0.000000
ram:0.000000
ram:0.000000
ram:0.000000
ram:0.000000
ram:0.000000
fh:0.000000
sf:0.000000
sf:0.000000
fg:0.000000
dg:0.500000
f:0.000000
dg:3.000000
dg:0.000000
g:0.000000
gg:0.500000
gfh:0.000000
dfg:0.500000
fg:3.500000
dg:0.000000
gh:0.500000
fg:0.000000
fg:0.000000
fg:0.500000
dg:2.000000
fg:0.000000
g:2.500000
g:4.000000
fg:2.000000
fg:8.000000
ram:18.000000
fg:0.500000
fg:0.500000
fg:7.000000
fg:4.500000
df:0.000000
f:2.500000
fg:1.500000
fg:0.000000
ram:1.000000
dg:0.500000
df:1.000000
dg:0.000000
f:0.000000
df:0.000000
f:0.000000
dg:2.500000
dfgjk:0.000000
gk:0.000000
ram:7.000000
dg:0.000000
dg:0.000000
fg:0.000000
dg:0.000000
f:0.500000
g:0.500000
sdfhdhjfjk:0.000000
dhj:1.000000
sgd:0.500000
df:0.500000
fd:0.000000
f:3.000000
sdg:3.000000
df:5.500000
