ram:5.000000
dg:4.000000
ram:0.000000
ram:2.000000
ram:4.000000
eva:0.000000
df:0.000000
eva:20.000000
ram:0.000000
ram:0.000000
ram:2.500000
sdg:2.000000
sg:4.000000
