Computer:0.000000
fg:0.000000
df:2.000000
dfh:3.500000
gergerf:0.000000
fhg:4.000000
fg:0.000000
sfd:3.000000
df:0.000000
df:1.500000
f:7.000000
sd:3.500000
shdjhrjj:0.000000
dhdjdjj:0.000000
lk  lkno รถj[3~:0.500000
df:0.000000
sdg:1.000000
ejtk:0.500000
d:1.000000
df:0.000000
fd:0.000000
fg:1.000000
fg:0.000000
fg:0.000000
fg:0.000000
h:0.000000
fdj:0.000000
k:0.500000
uรถ:0.500000
adhmkdlkhm:2.000000
g:0.000000
hj:0.000000
df:1.500000
jlkil:0.000000
d:2.000000
